-10 0.5 30
2.5216 0.5 29.5216
0.008886	0.012037	0.015299	0.018660	0.022055	0.025498	0.028983	0.032487	0.036015	0.039586	0.043161	0.046715	0.050262	0.053782	0.057263	0.060710	0.064142	0.067529	0.070905	0.074279	0.077632	0.080995	0.084359	0.087724	0.091096	0.094478	0.097884	0.101362	0.104931	0.108581	0.112248	0.115885	0.119447	0.122908	0.126220	0.129345	0.132235	0.134845	0.137170	0.139163	0.140781	0.142007	0.142925	0.143480	0.143662	0.143627	0.143144	0.142407	0.141443	0.140094	0.138625	0.136926	0.134925	0.132834	0.130557	0.128065	0.125491	0.122719	0.119799	0.116774	0.113623	0.110332	0.106908	0.103379	0.099757	0.096015	0.092163	0.088232	0.084197	0.080068	0.075846	0.071561	0.067212	0.062764	0.058258	0.053674	0.048994	0.044283	0.039509	0.034625	0.029651
0.029584	0.035138	0.040700	0.046252	0.051761	0.057213	0.062563	0.067845	0.073072	0.078226	0.083340	0.088428	0.093483	0.098537	0.103594	0.108656	0.113734	0.118817	0.123940	0.129099	0.134371	0.139821	0.145413	0.151060	0.156652	0.162061	0.167230	0.172074	0.176473	0.180428	0.183876	0.186782	0.189144	0.190878	0.192072	0.192738	0.192940	0.192576	0.191799	0.190543	0.188962	0.187000	0.184686	0.182176	0.179378	0.176364	0.173122	0.169654	0.165976	0.162129	0.158088	0.153845	0.149464	0.144939	0.140230	0.135384	0.130381	0.125249	0.119986	0.114581	0.109080	0.103452	0.097704	0.091865	0.085888	0.079769	0.073585	0.067308	0.060902	0.054396	0.047853	0.041231	0.034468	0.027602	0.020642	0.013595	0.006477	-0.000709	-0.007982	-0.015378	-0.022845
0.061608	0.069230	0.076718	0.084084	0.091368	0.098571	0.105741	0.112925	0.120105	0.127314	0.134537	0.141811	0.149111	0.156440	0.163879	0.171531	0.179481	0.187688	0.195984	0.204008	0.211490	0.218413	0.224670	0.230074	0.234686	0.238632	0.241698	0.243964	0.245260	0.245902	0.245878	0.245189	0.243989	0.242107	0.239736	0.237073	0.233982	0.230545	0.226845	0.222827	0.218556	0.214011	0.209189	0.204147	0.198903	0.193407	0.187722	0.181831	0.175746	0.169476	0.163015	0.156384	0.149568	0.142597	0.135448	0.128112	0.120653	0.113084	0.105332	0.097380	0.089298	0.081137	0.072846	0.064399	0.055852	0.047233	0.038526	0.029653	0.020622	0.011446	0.002165	-0.007215	-0.016712	-0.026309	-0.036035	-0.045948	-0.055526	-0.064731	-0.073709	-0.082463	-0.091088
0.101604	0.111540	0.121436	0.131364	0.141361	0.151416	0.161527	0.171674	0.181883	0.192134	0.202527	0.213352	0.224857	0.236776	0.248390	0.258918	0.268108	0.276281	0.283690	0.289581	0.294150	0.298158	0.300976	0.302418	0.302905	0.302435	0.301518	0.299939	0.297461	0.294433	0.290984	0.287142	0.282868	0.278197	0.273208	0.267948	0.262389	0.256475	0.250250	0.243777	0.237029	0.230020	0.222781	0.215283	0.207542	0.199550	0.191274	0.182754	0.174096	0.165225	0.156078	0.146692	0.137183	0.127537	0.117669	0.107564	0.097279	0.086845	0.076269	0.065544	0.054665	0.043672	0.032597	0.021281	0.009703	-0.002072	-0.013982	-0.026033	-0.038251	-0.050635	-0.063159	-0.076019	-0.088559	-0.100377	-0.111950	-0.123321	-0.134511	-0.145433	-0.156194	-0.166902	-0.177906
0.149945	0.163456	0.177136	0.190907	0.204676	0.218430	0.232213	0.246646	0.262483	0.278921	0.294938	0.307921	0.318476	0.329017	0.338403	0.344715	0.349364	0.354307	0.357824	0.358724	0.358462	0.357744	0.356784	0.354932	0.351747	0.347973	0.343936	0.339495	0.334548	0.329112	0.323290	0.317198	0.310819	0.303929	0.296623	0.289101	0.281258	0.273024	0.264396	0.255446	0.246260	0.236846	0.227022	0.216796	0.206320	0.195687	0.184779	0.173539	0.162042	0.150327	0.138423	0.126285	0.113828	0.101105	0.088192	0.075108	0.061814	0.048313	0.034660	0.020902	0.006793	-0.007735	-0.022543	-0.037578	-0.052775	-0.068157	-0.083800	-0.099680	-0.116088	-0.132025	-0.146687	-0.161126	-0.175377	-0.189258	-0.202815	-0.216204	-0.229583	-0.243264	-0.255732	-0.265941	-0.274875
0.208805	0.226740	0.244642	0.262599	0.282403	0.303489	0.324665	0.341882	0.354987	0.367971	0.380662	0.388845	0.394403	0.400321	0.405806	0.407378	0.407393	0.407111	0.406599	0.405440	0.402738	0.398863	0.394974	0.390823	0.385999	0.380486	0.374516	0.368252	0.361693	0.354689	0.346972	0.338741	0.330270	0.321466	0.312183	0.302389	0.292164	0.281639	0.270821	0.259551	0.247794	0.235681	0.223281	0.210577	0.197509	0.184074	0.170333	0.156321	0.142022	0.127330	0.112237	0.096849	0.081202	0.065348	0.049222	0.032766	0.016183	-0.000737	-0.018253	-0.036201	-0.054599	-0.073299	-0.092195	-0.111257	-0.130534	-0.150301	-0.170555	-0.189256	-0.207017	-0.224671	-0.241600	-0.258084	-0.274353	-0.290427	-0.306749	-0.323314	-0.337151	-0.348257	-0.358413	-0.367674	-0.375275
0.281921	0.307070	0.332254	0.354773	0.374023	0.390170	0.404415	0.416924	0.425982	0.432826	0.438799	0.443728	0.445570	0.446360	0.446837	0.446786	0.445810	0.443649	0.440527	0.437216	0.433578	0.429182	0.424038	0.418345	0.412223	0.405665	0.398609	0.390814	0.382378	0.373592	0.364377	0.354524	0.344070	0.333132	0.321791	0.310055	0.297709	0.284741	0.271308	0.257515	0.243311	0.228590	0.213376	0.197757	0.181763	0.165370	0.148525	0.131134	0.113276	0.095007	0.076354	0.057379	0.038095	0.018417	-0.001564	-0.022195	-0.043654	-0.065558	-0.087860	-0.110454	-0.133333	-0.156536	-0.179975	-0.204065	-0.228589	-0.250871	-0.272273	-0.293165	-0.313071	-0.332791	-0.352368	-0.371705	-0.391302	-0.411210	-0.427155	-0.439750	-0.451225	-0.461124	-0.470649	-0.479961	-0.488844
0.357503	0.380655	0.398558	0.413569	0.427764	0.439574	0.447541	0.453932	0.459957	0.464586	0.467228	0.469096	0.470321	0.471076	0.471119	0.470039	0.468245	0.465994	0.463027	0.459285	0.454904	0.449998	0.444562	0.438441	0.431538	0.423847	0.415611	0.406918	0.397561	0.387379	0.376453	0.364971	0.353030	0.340505	0.327163	0.313048	0.298322	0.283134	0.267443	0.251068	0.233984	0.216338	0.198293	0.179718	0.160450	0.140371	0.119702	0.098650	0.077010	0.054770	0.032009	0.008782	-0.014637	-0.038704	-0.063961	-0.089909	-0.116345	-0.143100	-0.170207	-0.197631	-0.225290	-0.253415	-0.282520	-0.309797	-0.335225	-0.359842	-0.383467	-0.406782	-0.429942	-0.452619	-0.474467	-0.498092	-0.519435	-0.535524	-0.549539	-0.561244	-0.572755	-0.584169	-0.595465	-0.606684	-0.617915
0.388437	0.403790	0.418387	0.430706	0.439905	0.447919	0.455690	0.462126	0.467058	0.471376	0.475176	0.478317	0.480433	0.481556	0.482005	0.481909	0.481122	0.479509	0.476995	0.473714	0.469730	0.465005	0.459458	0.453034	0.445803	0.437828	0.429056	0.419366	0.408816	0.397523	0.385497	0.372639	0.358853	0.344143	0.328635	0.312435	0.295537	0.277831	0.259190	0.239736	0.219643	0.198909	0.177417	0.154798	0.131169	0.106908	0.082019	0.056507	0.030369	0.003567	-0.023652	-0.051444	-0.080616	-0.110876	-0.141697	-0.172904	-0.204412	-0.236278	-0.268544	-0.301161	-0.335008	-0.368699	-0.399287	-0.428430	-0.456230	-0.482846	-0.509612	-0.536205	-0.562821	-0.590359	-0.617975	-0.640373	-0.658600	-0.673809	-0.688093	-0.702416	-0.716235	-0.729965	-0.743702	-0.757573	-0.772079
0.368013	0.383624	0.396411	0.408006	0.419443	0.429864	0.438628	0.446751	0.454393	0.461420	0.467584	0.472763	0.476976	0.480396	0.483003	0.484710	0.485386	0.485076	0.483897	0.481805	0.478713	0.474577	0.469421	0.463317	0.456222	0.448015	0.438713	0.428431	0.417189	0.404913	0.391496	0.376919	0.361350	0.344842	0.327308	0.308673	0.288947	0.268245	0.246651	0.223968	0.200198	0.175211	0.149048	0.121999	0.094124	0.065383	0.035795	0.005331	-0.025805	-0.057388	-0.090092	-0.124496	-0.159701	-0.195420	-0.231643	-0.268327	-0.305462	-0.343078	-0.381336	-0.420865	-0.459087	-0.492635	-0.525066	-0.556817	-0.588732	-0.620261	-0.651358	-0.682772	-0.715141	-0.748074	-0.774531	-0.795568	-0.813028	-0.830360	-0.847358	-0.864357	-0.881495	-0.898757	-0.916152	-0.934229	-0.953057
0.311738	0.328527	0.344958	0.361075	0.376045	0.390142	0.403469	0.415961	0.427539	0.438081	0.447595	0.456102	0.463608	0.470068	0.475362	0.479407	0.482324	0.484185	0.484897	0.484369	0.482543	0.479465	0.475183	0.469670	0.462867	0.454756	0.445329	0.434616	0.422695	0.409406	0.394640	0.378531	0.361251	0.342758	0.322842	0.301362	0.278593	0.254644	0.229479	0.202926	0.174894	0.145482	0.114908	0.083220	0.050487	0.016758	-0.017957	-0.053402	-0.089452	-0.127048	-0.166466	-0.206851	-0.247785	-0.289266	-0.331388	-0.374044	-0.417063	-0.459958	-0.504463	-0.547458	-0.586756	-0.624142	-0.660687	-0.697289	-0.734206	-0.771257	-0.807952	-0.846226	-0.885253	-0.917216	-0.942034	-0.963110	-0.984263	-1.005352	-1.026438	-1.047442	-1.068413	-1.089451	-1.111223	-1.134191	-1.157237
0.224369	0.247701	0.270610	0.292266	0.312967	0.332788	0.351722	0.369566	0.386246	0.401716	0.415880	0.428736	0.440308	0.450477	0.459221	0.466629	0.472634	0.477168	0.480186	0.481694	0.481745	0.480325	0.477318	0.472687	0.466530	0.458779	0.449361	0.438307	0.425650	0.411353	0.395354	0.377572	0.358095	0.336888	0.314060	0.289707	0.263776	0.236165	0.206803	0.175627	0.142771	0.108510	0.072955	0.036118	-0.001914	-0.040966	-0.080906	-0.121876	-0.164828	-0.209683	-0.255554	-0.302159	-0.349404	-0.397244	-0.444046	-0.492345	-0.541901	-0.593450	-0.643097	-0.687325	-0.730273	-0.773364	-0.816605	-0.860023	-0.902746	-0.945408	-0.989218	-1.035267	-1.076804	-1.108253	-1.134530	-1.160263	-1.185963	-1.211545	-1.237190	-1.262835	-1.288517	-1.314682	-1.342477	-1.370649	-1.398707
0.118829	0.148007	0.176641	0.205072	0.232877	0.259739	0.285296	0.309436	0.332120	0.353325	0.373004	0.391108	0.407477	0.422146	0.435181	0.446528	0.456144	0.463965	0.469950	0.474151	0.476610	0.477196	0.475751	0.472317	0.466992	0.459824	0.450703	0.439334	0.425806	0.410193	0.392608	0.373024	0.351377	0.327688	0.302015	0.274300	0.244454	0.212490	0.178428	0.142350	0.104539	0.065217	0.024422	-0.017890	-0.061534	-0.106328	-0.152445	-0.200683	-0.251121	-0.302724	-0.355025	-0.406296	-0.459448	-0.513856	-0.568947	-0.624418	-0.681998	-0.739493	-0.791904	-0.841894	-0.891787	-0.941622	-0.991160	-1.040399	-1.090248	-1.140558	-1.193896	-1.247223	-1.289929	-1.323625	-1.354465	-1.385922	-1.417183	-1.448520	-1.479713	-1.510983	-1.542346	-1.574832	-1.608779	-1.642550	-1.676468
0.002856	0.038603	0.073583	0.107925	0.141562	0.174541	0.206850	0.237834	0.267183	0.294785	0.320597	0.344449	0.366314	0.386257	0.404169	0.419986	0.433716	0.445392	0.454941	0.462266	0.467307	0.470095	0.470652	0.468714	0.464413	0.457725	0.448580	0.436934	0.422820	0.406279	0.387288	0.365828	0.341865	0.315405	0.286449	0.254983	0.220966	0.184455	0.145615	0.104732	0.061882	0.017145	-0.029401	-0.077574	-0.127111	-0.178271	-0.231694	-0.287298	-0.342448	-0.399841	-0.459001	-0.518955	-0.579016	-0.639807	-0.702274	-0.767400	-0.833600	-0.895229	-0.952250	-1.008816	-1.065987	-1.122752	-1.179686	-1.237071	-1.294847	-1.353852	-1.416711	-1.477094	-1.523690	-1.562808	-1.600281	-1.638201	-1.676063	-1.713626	-1.751321	-1.789071	-1.826881	-1.865974	-1.906621	-1.947290	-1.988070
-0.131939	-0.088339	-0.045526	-0.003494	0.037558	0.077344	0.115833	0.152974	0.189004	0.223674	0.256397	0.286880	0.315116	0.341091	0.364730	0.385893	0.404525	0.420673	0.434353	0.445220	0.453223	0.458529	0.461132	0.461003	0.458099	0.452309	0.443515	0.431737	0.417061	0.399471	0.378898	0.355342	0.328806	0.299218	0.266568	0.230962	0.192536	0.151227	0.107261	0.060896	0.012216	-0.038611	-0.091351	-0.145897	-0.202165	-0.258625	-0.318524	-0.381532	-0.446105	-0.511486	-0.576847	-0.644281	-0.712847	-0.782796	-0.855077	-0.929303	-1.001596	-1.067827	-1.132575	-1.198072	-1.263161	-1.328211	-1.393561	-1.459619	-1.526756	-1.596308	-1.669897	-1.740204	-1.795330	-1.842825	-1.887785	-1.933634	-1.979210	-2.024726	-2.070426	-2.115928	-2.161483	-2.208288	-2.257140	-2.306177	-2.355275
-0.283725	-0.231010	-0.179383	-0.128845	-0.079532	-0.031690	0.014572	0.059149	0.101992	0.143033	0.182303	0.219864	0.255124	0.287786	0.317768	0.344901	0.368870	0.389829	0.407702	0.422424	0.434057	0.442576	0.447891	0.449901	0.448532	0.443702	0.435366	0.423556	0.408365	0.389743	0.367583	0.341794	0.312374	0.279418	0.243006	0.203104	0.159777	0.113182	0.063605	0.011303	-0.043608	-0.100875	-0.160019	-0.218295	-0.281297	-0.347699	-0.416741	-0.486573	-0.558807	-0.632194	-0.706966	-0.782998	-0.860271	-0.939172	-1.021384	-1.104805	-1.183569	-1.257909	-1.331798	-1.405652	-1.479203	-1.553461	-1.628918	-1.705724	-1.783752	-1.864282	-1.949302	-2.032784	-2.102698	-2.162251	-2.216324	-2.271552	-2.326508	-2.381603	-2.436706	-2.491498	-2.546604	-2.602426	-2.660352	-2.719527	-2.778660
-0.454099	-0.387833	-0.325205	-0.264955	-0.206632	-0.150241	-0.095668	-0.042902	0.007889	0.056477	0.102803	0.146973	0.188656	0.227912	0.264260	0.297387	0.327136	0.353450	0.376263	0.395515	0.411142	0.423051	0.431189	0.435484	0.435800	0.432067	0.424385	0.412823	0.397275	0.377583	0.353668	0.325582	0.293263	0.256844	0.216368	0.171822	0.123331	0.071248	0.015822	-0.042688	-0.103697	-0.163444	-0.229327	-0.297824	-0.369148	-0.442871	-0.520311	-0.599539	-0.680035	-0.761795	-0.844616	-0.929277	-1.015938	-1.105487	-1.198219	-1.290705	-1.377030	-1.460163	-1.543076	-1.625934	-1.709546	-1.794825	-1.881527	-1.969594	-2.059101	-2.150610	-2.247085	-2.345246	-2.437639	-2.514241	-2.583357	-2.647415	-2.713460	-2.779650	-2.845816	-2.911726	-2.978135	-3.045439	-3.113544	-3.183385	-3.254372
-0.688196	-0.604878	-0.521630	-0.423837	-0.351731	-0.284334	-0.219973	-0.158013	-0.098478	-0.041604	0.012716	0.064370	0.113189	0.159039	0.201983	0.241789	0.278057	0.310447	0.338779	0.362998	0.383014	0.398726	0.410044	0.416931	0.419267	0.417078	0.410395	0.399142	0.383168	0.362364	0.336564	0.305872	0.270393	0.230164	0.185154	0.135494	0.081415	0.023346	-0.038051	-0.098721	-0.166366	-0.236881	-0.309897	-0.386374	-0.466981	-0.551221	-0.637469	-0.724889	-0.813413	-0.904256	-0.997182	-1.092015	-1.189187	-1.289924	-1.393180	-1.495456	-1.591355	-1.684854	-1.777794	-1.871373	-1.967163	-2.064506	-2.163417	-2.264032	-2.366392	-2.470618	-2.578503	-2.691147	-2.804582	-2.911635	-3.003260	-3.087408	-3.164619	-3.243743	-3.324003	-3.404022	-3.484400	-3.565751	-3.648138	-3.731071	-3.814852
-0.921789	-0.829363	-0.738055	-0.630066	-0.540816	-0.452027	-0.358661	-0.285124	-0.215752	-0.149673	-0.086596	-0.026616	0.030172	0.083590	0.133540	0.179928	0.222764	0.261498	0.295740	0.325280	0.350032	0.369926	0.384893	0.394782	0.399502	0.399114	0.393593	0.382757	0.366271	0.344113	0.316328	0.282984	0.244135	0.199771	0.149910	0.094833	0.035248	-0.024208	-0.091948	-0.163554	-0.237912	-0.316365	-0.398638	-0.485275	-0.575629	-0.668139	-0.762353	-0.858963	-0.957796	-1.058814	-1.162009	-1.267277	-1.375095	-1.487114	-1.602059	-1.715872	-1.823001	-1.927516	-2.031741	-2.137812	-2.246255	-2.356585	-2.468855	-2.583068	-2.699281	-2.817649	-2.938607	-3.063341	-3.192406	-3.322878	-3.450921	-3.568837	-3.674677	-3.774372	-3.866802	-3.963901	-4.061809	-4.159906	-4.259137	-4.359451	-4.461090
-1.152306	-1.034790	-0.934302	-0.835341	-0.737906	-0.641973	-0.531332	-0.438351	-0.342498	-0.264889	-0.192301	-0.123563	-0.058381	0.003040	0.060580	0.114052	0.163226	0.208038	0.248256	0.283432	0.313318	0.337770	0.356627	0.369741	0.377142	0.378817	0.374434	0.363811	0.346781	0.323362	0.293589	0.257540	0.215151	0.166473	0.111930	0.056639	-0.008299	-0.079011	-0.153114	-0.231734	-0.315081	-0.402718	-0.494407	-0.589820	-0.688410	-0.789939	-0.893860	-1.000429	-1.109339	-1.220389	-1.333630	-1.449503	-1.568826	-1.692836	-1.819723	-1.945809	-2.065197	-2.181785	-2.298843	-2.417672	-2.539430	-2.663372	-2.789454	-2.917782	-3.048337	-3.181236	-3.316867	-3.455085	-3.595975	-3.741285	-3.889642	-4.038513	-4.186363	-4.328990	-4.459400	-4.583189	-4.699327	-4.814780	-4.934706	-5.054871	-5.176411
-1.376857	-1.265307	-1.155213	-1.046719	-0.939936	-0.820528	-0.717547	-0.616706	-0.502766	-0.405496	-0.311107	-0.231221	-0.156725	-0.086619	-0.020889	0.040243	0.096623	0.148044	0.194476	0.235715	0.271218	0.300675	0.323895	0.340770	0.351116	0.354831	0.351646	0.341314	0.323787	0.299086	0.267245	0.228229	0.182214	0.134634	0.075410	0.008979	-0.063352	-0.139203	-0.221892	-0.309746	-0.402234	-0.498525	-0.599323	-0.704322	-0.812484	-0.923991	-1.038425	-1.155156	-1.274279	-1.396157	-1.520874	-1.648555	-1.780039	-1.916449	-2.055888	-2.195222	-2.329384	-2.460116	-2.591973	-2.724906	-2.860563	-2.999106	-3.140083	-3.283428	-3.429249	-3.577670	-3.728910	-3.883024	-4.039684	-4.198717	-4.360808	-4.526712	-4.695685	-4.866270	-5.038515	-5.210902	-5.382674	-5.549035	-5.704531	-5.852678	-5.995500
-1.612240	-1.481513	-1.361962	-1.244161	-1.128259	-1.014310	-0.902332	-0.778865	-0.671493	-0.566840	-0.450749	-0.348068	-0.260927	-0.181286	-0.107163	-0.037958	0.026015	0.084568	0.137466	0.184587	0.225804	0.260580	0.288344	0.308982	0.322368	0.328226	0.326260	0.316316	0.298387	0.272468	0.238614	0.196996	0.153286	0.095481	0.029939	-0.040745	-0.119647	-0.205138	-0.296190	-0.392546	-0.493166	-0.599110	-0.709437	-0.823748	-0.941984	-1.063681	-1.187974	-1.315191	-1.445360	-1.578579	-1.714923	-1.854482	-1.998017	-2.146521	-2.298451	-2.451587	-2.602259	-2.748768	-2.895988	-3.043924	-3.194138	-3.346849	-3.502778	-3.661349	-3.822682	-3.986845	-4.153875	-4.323854	-4.496807	-4.672534	-4.850747	-5.032021	-5.216410	-5.403855	-5.594995	-5.789544	-5.987623	-6.188787	-6.391507	-6.597190	-6.803123
-1.849571	-1.718238	-1.588601	-1.460805	-1.326106	-1.202441	-1.081224	-0.962304	-0.845906	-0.719221	-0.608621	-0.501240	-0.383379	-0.286852	-0.202139	-0.124170	-0.052019	0.014261	0.074343	0.128047	0.175130	0.215342	0.248008	0.272793	0.289430	0.297588	0.297024	0.287621	0.269427	0.242577	0.212883	0.167968	0.113814	0.052543	-0.018435	-0.098179	-0.185076	-0.278577	-0.377684	-0.483208	-0.593756	-0.709471	-0.829543	-0.953932	-1.082646	-1.214979	-1.350437	-1.489047	-1.630895	-1.776120	-1.924733	-2.076741	-2.232777	-2.394008	-2.559284	-2.726975	-2.894590	-3.059892	-3.223793	-3.388535	-3.554559	-3.723337	-3.894372	-4.068745	-4.246402	-4.427011	-4.610678	-4.797402	-4.987252	-5.180504	-5.377093	-5.576997	-5.780103	-5.987196	-6.198198	-6.412790	-6.630878	-6.853108	-7.080978	-7.313086	-7.551119
-2.095551	-1.954030	-1.811160	-1.673492	-1.537934	-1.404567	-1.273593	-1.136551	-1.011099	-0.888662	-0.769354	-0.640917	-0.528518	-0.408013	-0.305645	-0.216722	-0.135690	-0.061329	0.006390	0.067020	0.120306	0.166011	0.203726	0.232822	0.252868	0.263518	0.264549	0.256067	0.237977	0.216033	0.177779	0.128867	0.073046	0.004206	-0.074019	-0.160923	-0.255288	-0.357140	-0.465967	-0.580947	-0.701405	-0.826726	-0.956436	-1.091716	-1.231763	-1.375295	-1.522169	-1.672551	-1.826468	-1.983919	-2.145147	-2.310263	-2.479315	-2.653518	-2.832367	-3.014517	-3.198380	-3.382469	-3.565799	-3.748552	-3.931995	-4.117326	-4.305663	-4.496245	-4.689706	-4.886873	-5.087632	-5.291844	-5.499624	-5.711301	-5.927098	-6.147100	-6.371248	-6.599387	-6.831403	-7.067755	-7.309796	-7.556527	-7.808471	-8.066384	-8.331509
-2.338303	-2.186772	-2.037175	-1.889601	-1.744247	-1.598215	-1.457905	-1.320327	-1.185558	-1.045513	-0.917395	-0.792899	-0.660253	-0.543567	-0.430875	-0.314778	-0.223021	-0.140125	-0.064822	0.002993	0.062781	0.114011	0.156656	0.190100	0.213679	0.227037	0.230128	0.222666	0.210309	0.180484	0.142023	0.090547	0.026901	-0.047695	-0.132910	-0.226486	-0.329320	-0.440088	-0.558333	-0.682790	-0.812262	-0.947042	-1.087660	-1.234302	-1.385340	-1.540089	-1.698503	-1.860567	-2.026530	-2.196529	-2.370679	-2.548993	-2.731284	-2.918276	-3.110296	-3.306400	-3.505443	-3.706203	-3.908702	-4.111375	-4.314004	-4.517061	-4.721578	-4.929932	-5.141125	-5.355224	-5.572722	-5.794616	-6.021351	-6.252670	-6.488361	-6.728543	-6.973418	-7.223215	-7.478271	-7.739035	-8.004406	-8.276562	-8.555656	-8.844804	-9.148505
-2.593147	-2.431013	-2.270938	-2.113104	-1.957619	-1.804646	-1.654331	-1.503886	-1.359578	-1.218469	-1.080871	-0.939000	-0.809618	-0.684630	-0.552648	-0.436921	-0.319838	-0.226371	-0.142508	-0.067201	-0.000513	0.056873	0.104571	0.142588	0.170191	0.186689	0.191797	0.190631	0.171808	0.144416	0.100882	0.044639	-0.024570	-0.105134	-0.197069	-0.299267	-0.410943	-0.531174	-0.658853	-0.792421	-0.931944	-1.077594	-1.229825	-1.388016	-1.550641	-1.717092	-1.887519	-2.062115	-2.241016	-2.424346	-2.612124	-2.804145	-3.000422	-3.200974	-3.406389	-3.616707	-3.830816	-4.047790	-4.267346	-4.489303	-4.712961	-4.937125	-5.162111	-5.387987	-5.617559	-5.852094	-6.090617	-6.333227	-6.580126	-6.831580	-7.088184	-7.350392	-7.617743	-7.891227	-8.170651	-8.456524	-8.749747	-9.052565	-9.368002	-9.700775	-10.041836
-2.853659	-2.680633	-2.509846	-2.341399	-2.175470	-2.012249	-1.851869	-1.694560	-1.540564	-1.386982	-1.240135	-1.097284	-0.950790	-0.817013	-0.688383	-0.553810	-0.435579	-0.319034	-0.225359	-0.142006	-0.068282	-0.004499	0.048843	0.091619	0.123218	0.147851	0.155129	0.149389	0.134455	0.102024	0.055235	-0.005949	-0.079573	-0.167162	-0.266917	-0.377630	-0.498197	-0.627484	-0.764612	-0.908266	-1.058359	-1.215288	-1.379384	-1.549254	-1.723549	-1.902150	-2.085176	-2.272770	-2.465036	-2.662023	-2.863599	-3.069591	-3.280138	-3.494993	-3.714131	-3.938446	-4.167307	-4.399555	-4.635373	-4.873928	-5.115576	-5.360262	-5.607900	-5.858332	-6.111075	-6.366112	-6.625673	-6.890912	-7.161148	-7.436019	-7.715447	-7.999979	-8.291588	-8.589215	-8.895393	-9.210017	-9.536860	-9.879767	-10.244489	-10.616217	-10.992032
-3.113254	-2.929284	-2.747836	-2.568990	-2.392852	-2.219587	-2.049357	-1.882327	-1.718792	-1.558840	-1.402685	-1.247760	-1.100393	-0.950184	-0.812847	-0.681421	-0.545190	-0.425497	-0.311708	-0.219672	-0.138664	-0.068335	-0.009160	0.037987	0.078388	0.101417	0.110793	0.110560	0.091389	0.056546	0.006328	-0.057869	-0.138078	-0.232758	-0.340128	-0.458944	-0.587909	-0.726769	-0.873694	-1.027243	-1.188102	-1.356495	-1.532071	-1.713525	-1.899785	-2.090684	-2.286409	-2.487026	-2.692622	-2.903148	-3.118344	-3.338343	-3.563098	-3.792258	-4.025657	-4.263690	-4.506539	-4.753493	-5.003880	-5.258503	-5.516482	-5.778797	-6.046516	-6.319528	-6.597645	-6.880217	-7.165842	-7.454624	-7.746442	-8.045195	-8.349689	-8.661096	-8.977950	-9.303612	-9.638789	-9.988249	-10.356979	-10.754792	-11.160573	-11.567828	-11.992717
-3.385142	-3.189969	-2.997457	-2.807749	-2.620887	-2.437052	-2.256471	-2.079236	-1.905645	-1.735899	-1.570154	-1.408790	-1.249190	-1.097646	-0.951574	-0.803851	-0.670407	-0.533392	-0.412301	-0.304212	-0.215098	-0.138372	-0.073155	-0.015862	0.024063	0.050403	0.067126	0.063100	0.042842	0.006960	-0.046021	-0.116243	-0.202952	-0.304622	-0.419413	-0.546543	-0.685371	-0.834146	-0.990931	-1.155212	-1.327389	-1.507563	-1.695308	-1.889092	-2.087933	-2.291802	-2.500810	-2.715063	-2.934516	-3.159081	-3.388597	-3.623221	-3.862783	-4.106894	-4.355215	-4.607903	-4.865217	-5.126915	-5.392521	-5.662228	-5.938174	-6.220203	-6.507645	-6.801524	-7.101865	-7.408534	-7.721293	-8.039615	-8.362738	-8.690379	-9.023406	-9.360450	-9.708278	-10.068550	-10.445905	-10.845281	-11.275806	-11.720109	-12.162345	-12.624986	-13.106122
-3.663632	-3.456854	-3.252898	-3.051942	-2.854066	-2.659397	-2.468161	-2.280501	-2.096652	-1.917072	-1.741639	-1.570693	-1.404635	-1.241010	-1.086061	-0.937371	-0.787994	-0.653670	-0.517101	-0.395116	-0.296964	-0.212515	-0.136626	-0.078013	-0.033767	0.001085	0.014787	0.011496	-0.007958	-0.046418	-0.103733	-0.179316	-0.272199	-0.380412	-0.503357	-0.639768	-0.788145	-0.946863	-1.113863	-1.289036	-1.472824	-1.665304	-1.865528	-2.071936	-2.283665	-2.500763	-2.723329	-2.951416	-3.185016	-3.423897	-3.668035	-3.917531	-4.172070	-4.431239	-4.694626	-4.962352	-5.234712	-5.511372	-5.792696	-6.079866	-6.373505	-6.674867	-6.983367	-7.298776	-7.620514	-7.949652	-8.286175	-8.629816	-8.980968	-9.340187	-9.707213	-10.083022	-10.472516	-10.879364	-11.307075	-11.779911	-12.267086	-12.751414	-13.256488	-13.783765	-14.333652
-3.941846	-3.723101	-3.507673	-3.295438	-3.086545	-2.881072	-2.679220	-2.481320	-2.287469	-2.097953	-1.912877	-1.732476	-1.557174	-1.387404	-1.223629	-1.063628	-0.913659	-0.764217	-0.631470	-0.496737	-0.381276	-0.284983	-0.206429	-0.142308	-0.088254	-0.055620	-0.039921	-0.040798	-0.061780	-0.103093	-0.164283	-0.244887	-0.343292	-0.459015	-0.590262	-0.735506	-0.893499	-1.061958	-1.239061	-1.425358	-1.620996	-1.825692	-2.038368	-2.257286	-2.481842	-2.712069	-2.948129	-3.190047	-3.437667	-3.690803	-3.949469	-4.213580	-4.482797	-4.756752	-5.035088	-5.317672	-5.604943	-5.897084	-6.195740	-6.501560	-6.814520	-7.134284	-7.462305	-7.798474	-8.142557	-8.494474	-8.853800	-9.221712	-9.599257	-9.986583	-10.385698	-10.802181	-11.240880	-11.711316	-12.225375	-12.770919	-13.300875	-13.849054	-14.428231	-15.037578	-15.677380
-4.234185	-4.001841	-3.774253	-3.550222	-3.329822	-3.113114	-2.900366	-2.691738	-2.487253	-2.287375	-2.092285	-1.902069	-1.717188	-1.538094	-1.365306	-1.199417	-1.039821	-0.889471	-0.740789	-0.608774	-0.475093	-0.367292	-0.281901	-0.206611	-0.153150	-0.117445	-0.097760	-0.098902	-0.121370	-0.165154	-0.230267	-0.315555	-0.420987	-0.544269	-0.683928	-0.838536	-1.006309	-1.184757	-1.372869	-1.571014	-1.778999	-1.996443	-2.222034	-2.454009	-2.691903	-2.935912	-3.186104	-3.442431	-3.704677	-3.972595	-4.246262	-4.525446	-4.809748	-5.098957	-5.392788	-5.690936	-5.993909	-6.303999	-6.621776	-6.947392	-7.280882	-7.622188	-7.971063	-8.327787	-8.693725	-9.068601	-9.452937	-9.847932	-10.253712	-10.672157	-11.110266	-11.576341	-12.078133	-12.635553	-13.238258	-13.832467	-14.444785	-15.089032	-15.770477	-16.486324	-17.224141
-4.525764	-4.281143	-4.040122	-3.804372	-3.572591	-3.344811	-3.121038	-2.901582	-2.686594	-2.476417	-2.271373	-2.071447	-1.877094	-1.688849	-1.507696	-1.334793	-1.167957	-1.007001	-0.850896	-0.711540	-0.570113	-0.452381	-0.353922	-0.278275	-0.220356	-0.179117	-0.158691	-0.159847	-0.183262	-0.229518	-0.298087	-0.389329	-0.501126	-0.631894	-0.779959	-0.943628	-1.120957	-1.309788	-1.509004	-1.718983	-1.939184	-2.169269	-2.407639	-2.652558	-2.903822	-3.161557	-3.425790	-3.696430	-3.973077	-4.255570	-4.543989	-4.837935	-5.137092	-5.441280	-5.750339	-6.064260	-6.384851	-6.713537	-7.050602	-7.396105	-7.750205	-8.112847	-8.483847	-8.863386	-9.251253	-9.648371	-10.057722	-10.478740	-10.914796	-11.372502	-11.862456	-12.390084	-12.980154	-13.638095	-14.297625	-14.971430	-15.681352	-16.434108	-17.223953	-18.046047	-18.883551
-4.832784	-4.573515	-4.319842	-4.070624	-3.826855	-3.587262	-3.351949	-3.121204	-2.895259	-2.674325	-2.458893	-2.248866	-2.044766	-1.849646	-1.658736	-1.475254	-1.300073	-1.130673	-0.973617	-0.816150	-0.680132	-0.541302	-0.437364	-0.355700	-0.290449	-0.246880	-0.225366	-0.226033	-0.250463	-0.299011	-0.372381	-0.469125	-0.587654	-0.726161	-0.882683	-1.055818	-1.243463	-1.443167	-1.654109	-1.876307	-2.109256	-2.352425	-2.604111	-2.862605	-3.127825	-3.399902	-3.678770	-3.964177	-4.255723	-4.553292	-4.856893	-5.166061	-5.480544	-5.800199	-6.125174	-6.457222	-6.797430	-7.145902	-7.503349	-7.870009	-8.245638	-8.630442	-9.024504	-9.427859	-9.840644	-10.265367	-10.701197	-11.151879	-11.626442	-12.137374	-12.693103	-13.313644	-14.023898	-14.759104	-15.504220	-16.288842	-17.119734	-17.986605	-18.880514	-19.786695	-20.733061
-5.147855	-4.873964	-4.606111	-4.343767	-4.086561	-3.834943	-3.587858	-3.345554	-3.108433	-2.876566	-2.650530	-2.430467	-2.219385	-2.012001	-1.811815	-1.619644	-1.435555	-1.260630	-1.089095	-0.934327	-0.778910	-0.640644	-0.525297	-0.434124	-0.365520	-0.319063	-0.295754	-0.296076	-0.321355	-0.373239	-0.450901	-0.553381	-0.678586	-0.824566	-0.989910	-1.172916	-1.371065	-1.581923	-1.804748	-2.039357	-2.285190	-2.541711	-2.806960	-3.079311	-3.358796	-3.645431	-3.939049	-4.239373	-4.545963	-4.858733	-5.177592	-5.502074	-5.831999	-6.167460	-6.510070	-6.861573	-7.222046	-7.591457	-7.969964	-8.358043	-8.756104	-9.163922	-9.581540	-10.009101	-10.448923	-10.900753	-11.368804	-11.860785	-12.390814	-12.969904	-13.619314	-14.374197	-15.189956	-16.013188	-16.879769	-17.782893	-18.733192	-19.699922	-20.667613	-21.682289	-22.668288
-5.466584	-5.175375	-4.892310	-4.616490	-4.345955	-4.081777	-3.822969	-3.569215	-3.320942	-3.078271	-2.845050	-2.614875	-2.391060	-2.174278	-1.965253	-1.763932	-1.571381	-1.388243	-1.211115	-1.040601	-0.890437	-0.746854	-0.613914	-0.515865	-0.443091	-0.393173	-0.368201	-0.367899	-0.395009	-0.449728	-0.531881	-0.639756	-0.771197	-0.924855	-1.099107	-1.291922	-1.500534	-1.722449	-1.957079	-2.203920	-2.462623	-2.732364	-3.011069	-3.297282	-3.590882	-3.891854	-4.200006	-4.514995	-4.836458	-5.164170	-5.497971	-5.837521	-6.182767	-6.535012	-6.896433	-7.267472	-7.648228	-8.038729	-8.438790	-8.848719	-9.269062	-9.700004	-10.141357	-10.594781	-11.060476	-11.542952	-12.050460	-12.596762	-13.197570	-13.874666	-14.661013	-15.553182	-16.460362	-17.404408	-18.391416	-19.413613	-20.455725	-21.498013	-22.557423	-23.645249	-24.588180
-5.804447	-5.494015	-5.193894	-4.901680	-4.618179	-4.339879	-4.068852	-3.803182	-3.543367	-3.292761	-3.045478	-2.804856	-2.571101	-2.344789	-2.125940	-1.915508	-1.714132	-1.518704	-1.336789	-1.160924	-1.000421	-0.847733	-0.711638	-0.604263	-0.526194	-0.473167	-0.445527	-0.445975	-0.474581	-0.532531	-0.619028	-0.732098	-0.870295	-1.032038	-1.215614	-1.418640	-1.638102	-1.871563	-2.118407	-2.378059	-2.650132	-2.933612	-3.226383	-3.526991	-3.835213	-4.151016	-4.474191	-4.804412	-5.141213	-5.484287	-5.833515	-6.188669	-6.550707	-6.921887	-7.303279	-7.695017	-8.096957	-8.509329	-8.932329	-9.365918	-9.810027	-10.264919	-10.732082	-11.212494	-11.709123	-12.231169	-12.792480	-13.412735	-14.116952	-14.932065	-15.900521	-16.909400	-17.944625	-19.006355	-20.106370	-21.220763	-22.340039	-23.465182	-24.622121	-25.690442	-26.592575
-6.154569	-5.823148	-5.504097	-5.195941	-4.896168	-4.604792	-4.319969	-4.042393	-3.773741	-3.508659	-3.250302	-2.999515	-2.755576	-2.518982	-2.290535	-2.070860	-1.857253	-1.656069	-1.460241	-1.281601	-1.113632	-0.959694	-0.819192	-0.697424	-0.613597	-0.556326	-0.527510	-0.528172	-0.558610	-0.619597	-0.710082	-0.828649	-0.973737	-1.143749	-1.336787	-1.550150	-1.780641	-2.025832	-2.285159	-2.557795	-2.843428	-3.140925	-3.447900	-3.763058	-4.086077	-4.416884	-4.755251	-5.100832	-5.453060	-5.811582	-6.176379	-6.547998	-6.928390	-7.319491	-7.721532	-8.134310	-8.558118	-8.993117	-9.439394	-9.897000	-10.365978	-10.846387	-11.341112	-11.851425	-12.385314	-12.958871	-13.595163	-14.322709	-15.165539	-16.187311	-17.306438	-18.434689	-19.592296	-20.776055	-21.972873	-23.153368	-24.348459	-25.571069	-26.759192	-27.750568	-28.642466
-6.513306	-6.157417	-5.816295	-5.489830	-5.175031	-4.868972	-4.572790	-4.283918	-4.000670	-3.724159	-3.455299	-3.193760	-2.939391	-2.692927	-2.454997	-2.226020	-2.003259	-1.787811	-1.588869	-1.402475	-1.226231	-1.066418	-0.920313	-0.793861	-0.701851	-0.641981	-0.611526	-0.612647	-0.644754	-0.708398	-0.803023	-0.926991	-1.078960	-1.257135	-1.459550	-1.683106	-1.924544	-2.181460	-2.453120	-2.738606	-3.037727	-3.349017	-3.670011	-3.999482	-4.337152	-4.682778	-5.036135	-5.396817	-5.764195	-6.137907	-6.518474	-6.907368	-7.307001	-7.718175	-8.140711	-8.574755	-9.020559	-9.478192	-9.947718	-10.429166	-10.922713	-11.430638	-11.953956	-12.498554	-13.082037	-13.726386	-14.467467	-15.333655	-16.383622	-17.611302	-18.845185	-20.089582	-21.352055	-22.632803	-23.894317	-25.148617	-26.432725	-27.730597	-28.851503	-29.816941	-30.643083
-6.894435	-6.514861	-6.150673	-5.801972	-5.468014	-5.147494	-4.837956	-4.533765	-4.238320	-3.950844	-3.670059	-3.397192	-3.131988	-2.875174	-2.627262	-2.385887	-2.150595	-1.931352	-1.723932	-1.525690	-1.345526	-1.179077	-1.034038	-0.901819	-0.797191	-0.733662	-0.702002	-0.703278	-0.736955	-0.803558	-0.902389	-1.031989	-1.191025	-1.377732	-1.589850	-1.824008	-2.076927	-2.346036	-2.630474	-2.929378	-3.242426	-3.567981	-3.903474	-4.247786	-4.600607	-4.961575	-5.330414	-5.706673	-6.089668	-6.479314	-6.877094	-7.285086	-7.705204	-8.137360	-8.581533	-9.038017	-9.506921	-9.988294	-10.482191	-10.988697	-11.509026	-12.044694	-12.601909	-13.193998	-13.847338	-14.596400	-15.486484	-16.559764	-17.868852	-19.237383	-20.573730	-21.921004	-23.290266	-24.638541	-25.963296	-27.303556	-28.687248	-29.962464	-31.020684	-31.936013	-32.782059
-7.293634	-6.885087	-6.497283	-6.126052	-5.772422	-5.435385	-5.107371	-4.790129	-4.482125	-4.182015	-3.889489	-3.605367	-3.329453	-3.062078	-2.803810	-2.552235	-2.306605	-2.078372	-1.858459	-1.655739	-1.468316	-1.298315	-1.143945	-1.007620	-0.897241	-0.829792	-0.796672	-0.797818	-0.833422	-0.902966	-1.006005	-1.141234	-1.307435	-1.502784	-1.724742	-1.969728	-2.234310	-2.515800	-2.813238	-3.125654	-3.452780	-3.792716	-4.142899	-4.502206	-4.870272	-5.246747	-5.631209	-6.023121	-6.421950	-6.828486	-7.244527	-7.672809	-8.113886	-8.567547	-9.034064	-9.513580	-10.006137	-10.511832	-11.030754	-11.562943	-12.111822	-12.679212	-13.278445	-13.934704	-14.689690	-15.592440	-16.690794	-18.043477	-19.556042	-21.003382	-22.443261	-23.892675	-25.333635	-26.743080	-28.142367	-29.589565	-31.016374	-32.199738	-33.208748	-34.108183	-34.936109
-7.703094	-7.266694	-6.849378	-6.453530	-6.080830	-5.721520	-5.377892	-5.047030	-4.724558	-4.412465	-4.108408	-3.813182	-3.526587	-3.248838	-2.978232	-2.712152	-2.462809	-2.225363	-1.996552	-1.786125	-1.591943	-1.415382	-1.254826	-1.114393	-1.000097	-0.927728	-0.893133	-0.894206	-0.931742	-1.004141	-1.111189	-1.251981	-1.425245	-1.629149	-1.860921	-2.116652	-2.392799	-2.686614	-2.996807	-3.322551	-3.663546	-4.017683	-4.382354	-4.756431	-5.139488	-5.531191	-5.930997	-6.338265	-6.753276	-7.177218	-7.612357	-8.060994	-8.522944	-8.998326	-9.487213	-9.989716	-10.505931	-11.035979	-11.579907	-12.139644	-12.717420	-13.320778	-13.977287	-14.724207	-15.623331	-16.737335	-18.105774	-19.724800	-21.323495	-22.858764	-24.395809	-25.924100	-27.419337	-28.885595	-30.384466	-31.921894	-33.289419	-34.404859	-35.369062	-36.271837	-37.096175
-8.137583	-7.673268	-7.229156	-6.809930	-6.407284	-6.025379	-5.663202	-5.314961	-4.979520	-4.653581	-4.337578	-4.030763	-3.733099	-3.443038	-3.162746	-2.885696	-2.626657	-2.375129	-2.141624	-1.923633	-1.722087	-1.537552	-1.374782	-1.233249	-1.114882	-1.032455	-0.995900	-0.997348	-1.036745	-1.111932	-1.223093	-1.369616	-1.550191	-1.763078	-2.005044	-2.271960	-2.560214	-2.866739	-3.190101	-3.529626	-3.885003	-4.253821	-4.633458	-5.022781	-5.421350	-5.828742	-6.244271	-6.667729	-7.100145	-7.542917	-7.998685	-8.468582	-8.952577	-9.450752	-9.963106	-10.489724	-11.030797	-11.586382	-12.156870	-12.745436	-13.357605	-14.013386	-14.750636	-15.640546	-16.754714	-18.147403	-19.820738	-21.599914	-23.248896	-24.880708	-26.502148	-28.092043	-29.637847	-31.201349	-32.792631	-34.368358	-35.618965	-36.679110	-37.647409	-38.531244	-39.336250
-8.589348	-8.089086	-7.616830	-7.167067	-6.739228	-6.334195	-5.949862	-5.584483	-5.233758	-4.893979	-4.566075	-4.247838	-3.939134	-3.637706	-3.339369	-3.059011	-2.790358	-2.529154	-2.287297	-2.061372	-1.851267	-1.661103	-1.492900	-1.347129	-1.225897	-1.139094	-1.100581	-1.102361	-1.143325	-1.221192	-1.336407	-1.488512	-1.676434	-1.898202	-2.150267	-2.428357	-2.728520	-3.047571	-3.383882	-3.737066	-4.106615	-4.489884	-4.884235	-5.288572	-5.702399	-6.125132	-6.556166	-6.996199	-7.446366	-7.908549	-8.385163	-8.876285	-9.382397	-9.903331	-10.439098	-10.989889	-11.555804	-12.136883	-12.735597	-13.355032	-14.009032	-14.733250	-15.596990	-16.690362	-18.091392	-19.782005	-21.696287	-23.511270	-25.236079	-26.959150	-28.646651	-30.281467	-31.917854	-33.552384	-35.268443	-36.724274	-37.911826	-38.948231	-39.899046	-40.761589	-41.569558
-9.066306	-8.543121	-8.034413	-7.549967	-7.091577	-6.659591	-6.252032	-5.867011	-5.499632	-5.146863	-4.805170	-4.474948	-4.154324	-3.841352	-3.531350	-3.240616	-2.956473	-2.691269	-2.440610	-2.205239	-1.988020	-1.791270	-1.617744	-1.470110	-1.348702	-1.253172	-1.212668	-1.214229	-1.256599	-1.337298	-1.456576	-1.614587	-1.810129	-2.041138	-2.303793	-2.593472	-2.905954	-3.237930	-3.587667	-3.954986	-4.339171	-4.737347	-5.146903	-5.566743	-5.996278	-6.434775	-6.882324	-7.340026	-7.809084	-8.292179	-8.790513	-9.304168	-9.833376	-10.378166	-10.938536	-11.514655	-12.106583	-12.714994	-13.343083	-13.999850	-14.713117	-15.546754	-16.605881	-18.000420	-19.720109	-21.694219	-23.724235	-25.562531	-27.387053	-29.182883	-30.913923	-32.627158	-34.334487	-36.105928	-37.804338	-39.160481	-40.280851	-41.304889	-42.234193	-43.100961	-43.938614
-9.581936	-9.009683	-8.466272	-7.951752	-7.464036	-7.002911	-6.568848	-6.160063	-5.774145	-5.405169	-5.049335	-4.706514	-4.373216	-4.040783	-3.727661	-3.420539	-3.132016	-2.857353	-2.597791	-2.353106	-2.128395	-1.925389	-1.746269	-1.594053	-1.469653	-1.375331	-1.329338	-1.330630	-1.374069	-1.457536	-1.581020	-1.744985	-1.948271	-2.188729	-2.462134	-2.763542	-3.088463	-3.433499	-3.796800	-4.178386	-4.577309	-4.990543	-5.415436	-5.850862	-6.296121	-6.750743	-7.215555	-7.691493	-8.180438	-8.685069	-9.205642	-9.742381	-10.295249	-10.864422	-11.449972	-12.051992	-12.670559	-13.308436	-13.969515	-14.673578	-15.474671	-16.482421	-17.840771	-19.587063	-21.581867	-23.774723	-25.804907	-27.724315	-29.638785	-31.476002	-33.268927	-35.065962	-36.864575	-38.736757	-40.342867	-41.587942	-42.686827	-43.705833	-44.626535	-45.506484	-46.355675
-10.094271	-9.491881	-8.912463	-8.360798	-7.838678	-7.349414	-6.888411	-6.454810	-6.047757	-5.662488	-5.293562	-4.937170	-4.592111	-4.247466	-3.923524	-3.605720	-3.307354	-3.023334	-2.753420	-2.501542	-2.269268	-2.059868	-1.875286	-1.718595	-1.591659	-1.497058	-1.447506	-1.448651	-1.492626	-1.578999	-1.706625	-1.876491	-2.087504	-2.337335	-2.621340	-2.934326	-3.271553	-3.629461	-4.006143	-4.401762	-4.815191	-5.243245	-5.683190	-6.133902	-6.594633	-7.065620	-7.547769	-8.042289	-8.551525	-9.077537	-9.620389	-10.180142	-10.756716	-11.350193	-11.960843	-12.588731	-13.234434	-13.901863	-14.601282	-15.374275	-16.312909	-17.592277	-19.322876	-21.350582	-23.598065	-25.887015	-27.916876	-29.944326	-31.903163	-33.780739	-35.667423	-37.529880	-39.457547	-41.354968	-42.790737	-43.971428	-45.088939	-46.081004	-47.007541	-47.906514	-48.769023
-10.652520	-10.003295	-9.387730	-8.803197	-8.247430	-7.723085	-7.230971	-6.770524	-6.339306	-5.934550	-5.548927	-5.178421	-4.810820	-4.463725	-4.122098	-3.799676	-3.491038	-3.197282	-2.917709	-2.657503	-2.417854	-2.201326	-2.010837	-1.850162	-1.723409	-1.625161	-1.573245	-1.573762	-1.618583	-1.707612	-1.839557	-2.015566	-2.234694	-2.494207	-2.789211	-3.114237	-3.464236	-3.835439	-4.225909	-4.636013	-5.064419	-5.507755	-5.963233	-6.429685	-6.906677	-7.394961	-7.895526	-8.409716	-8.940565	-9.488920	-10.055041	-10.638862	-11.240267	-11.859288	-12.496151	-13.151118	-13.826728	-14.527672	-15.280358	-16.156399	-17.335100	-19.020641	-21.082438	-23.352360	-25.811545	-28.073956	-30.192620	-32.295934	-34.273761	-36.252661	-38.202609	-40.161580	-42.220364	-43.974420	-45.275678	-46.493700	-47.577090	-48.553130	-49.502956	-50.419292	-51.347514
-11.226919	-10.546575	-9.889821	-9.261566	-8.668282	-8.111871	-7.588577	-7.098418	-6.640254	-6.212827	-5.810146	-5.425332	-5.043504	-4.684602	-4.331208	-3.997900	-3.678928	-3.373472	-3.085886	-2.817650	-2.570324	-2.346556	-2.150444	-1.985951	-1.856722	-1.762730	-1.703654	-1.703345	-1.749093	-1.840495	-1.976832	-2.159162	-2.386481	-2.655794	-2.961959	-3.299210	-3.662132	-4.046729	-4.451074	-4.875773	-5.319280	-5.777970	-6.249098	-6.731460	-7.225332	-7.731446	-8.250923	-8.785701	-9.338577	-9.909833	-10.499684	-11.108053	-11.734816	-12.380012	-13.043760	-13.726447	-14.432805	-15.174331	-16.003075	-17.062952	-18.638429	-20.721200	-23.035295	-25.536536	-28.098689	-30.341048	-32.579479	-34.686675	-36.758111	-38.798256	-40.838260	-42.922665	-45.012214	-46.542789	-47.856857	-49.047799	-50.085324	-51.083879	-52.057789	-53.034871	-53.995949
-11.826119	-11.095302	-10.396616	-9.735512	-9.105498	-8.510359	-7.951921	-7.430862	-6.945934	-6.494738	-6.073976	-5.660225	-5.275324	-4.897562	-4.539671	-4.195622	-3.864881	-3.550574	-3.254357	-2.977814	-2.723043	-2.492495	-2.290886	-2.122507	-1.990876	-1.895805	-1.835734	-1.834107	-1.880660	-1.974681	-2.115144	-2.303700	-2.539094	-2.818106	-3.135347	-3.484692	-3.860375	-4.258152	-4.676171	-5.115183	-5.573471	-6.047243	-6.533759	-7.032136	-7.542911	-8.066936	-8.605460	-9.161198	-9.735933	-10.330003	-10.943467	-11.576229	-12.228251	-12.899540	-13.590174	-14.302384	-15.041765	-15.837377	-16.786148	-18.174116	-20.210990	-22.568613	-25.089139	-27.804846	-30.342256	-32.672845	-34.942569	-37.114430	-39.245719	-41.380488	-43.492333	-45.717641	-47.660275	-49.102891	-50.409727	-51.536496	-52.584804	-53.618855	-54.645402	-55.654416	-56.637789
-12.454119	-11.686963	-10.947702	-10.238398	-9.565080	-8.935254	-8.342138	-7.787532	-7.271122	-6.791644	-6.349048	-5.917833	-5.518164	-5.127478	-4.757712	-4.402561	-4.060407	-3.736289	-3.431026	-3.145873	-2.883124	-2.646175	-2.439038	-2.266672	-2.132539	-2.038801	-1.977385	-1.972372	-2.019800	-2.116608	-2.261267	-2.456258	-2.700014	-2.989133	-3.317886	-3.679776	-4.068677	-4.480092	-4.912226	-5.365903	-5.839380	-6.328758	-6.831235	-7.346498	-7.875102	-8.417952	-8.976715	-9.554401	-10.152084	-10.770000	-11.408108	-12.066342	-12.744719	-13.443264	-14.162000	-14.905275	-15.685042	-16.560734	-17.742063	-19.655171	-22.048008	-24.623991	-27.357043	-30.218190	-32.708639	-35.128228	-37.439895	-39.665020	-41.900023	-44.105251	-46.324024	-48.622711	-50.360141	-51.775727	-53.025965	-54.131080	-55.225893	-56.302558	-57.365154	-58.394749	-59.425899
-13.123782	-12.303681	-11.512493	-10.768224	-10.056514	-9.382007	-8.748341	-8.157214	-7.608816	-7.101513	-6.620750	-6.182110	-5.759504	-5.362333	-4.980603	-4.612011	-4.260181	-3.926561	-3.611879	-3.318012	-3.047434	-2.804193	-2.591781	-2.415115	-2.278470	-2.183489	-2.122166	-2.114994	-2.163422	-2.263033	-2.412215	-2.613386	-2.865646	-3.165019	-3.505451	-3.880040	-4.282308	-4.707530	-5.153813	-5.622225	-6.110941	-6.615999	-7.134887	-7.667501	-8.214365	-8.776623	-9.356336	-9.956482	-10.577591	-11.219769	-11.882978	-12.567201	-13.272434	-13.998726	-14.747469	-15.524756	-16.358313	-17.370500	-19.020957	-21.410245	-24.048261	-26.816630	-29.790540	-32.646422	-35.166315	-37.661634	-39.990385	-42.326678	-44.629886	-46.893507	-49.284685	-51.503967	-53.075332	-54.465229	-55.662368	-56.811272	-57.941075	-59.058476	-60.143337	-61.203726	-62.333004
-13.795429	-12.929853	-12.103023	-11.307035	-10.547007	-9.833389	-9.163610	-8.536526	-7.953558	-7.416210	-6.905202	-6.447111	-6.007592	-5.596282	-5.202953	-4.822100	-4.459984	-4.116460	-3.792473	-3.489798	-3.212130	-2.962519	-2.745026	-2.564339	-2.425180	-2.328865	-2.272110	-2.258550	-2.307932	-2.410283	-2.564101	-2.771240	-3.031924	-3.341451	-3.693438	-4.080572	-4.496051	-4.934875	-5.395052	-5.877876	-6.381516	-6.902050	-7.437395	-7.987366	-8.552517	-9.134255	-9.735183	-10.357668	-11.002059	-11.668362	-12.356523	-13.066575	-13.798519	-14.552393	-15.331593	-16.146553	-17.056844	-18.355998	-20.621531	-23.303227	-26.143010	-29.108723	-32.249426	-35.022059	-37.670048	-40.152202	-42.583755	-44.990119	-47.352621	-49.730292	-52.246021	-54.240950	-55.763355	-57.099627	-58.306818	-59.490615	-60.662978	-61.808366	-62.913268	-64.059041	-65.269920
-14.518638	-13.605736	-12.721483	-11.879915	-11.082145	-10.323277	-9.608008	-8.939787	-8.320203	-7.750582	-7.210155	-6.716184	-6.266960	-5.841175	-5.433168	-5.042145	-4.669281	-4.315317	-3.981429	-3.670259	-3.385098	-3.128939	-2.906382	-2.722009	-2.579900	-2.482020	-2.424839	-2.410288	-2.460397	-2.565550	-2.724260	-2.937784	-3.207009	-3.527075	-3.891040	-4.291211	-4.720405	-5.173254	-5.647772	-6.145351	-6.664396	-7.201108	-7.753692	-8.321797	-8.906186	-9.508405	-10.131685	-10.777582	-11.446273	-12.137740	-12.851944	-13.588923	-14.348712	-15.131480	-15.943905	-16.808561	-17.858466	-19.784668	-22.474767	-25.387148	-28.413742	-31.597724	-34.801484	-37.574777	-40.258968	-42.801024	-45.313195	-47.782395	-50.238416	-52.766565	-55.281245	-57.044325	-58.546663	-59.845613	-61.079918	-62.308995	-63.515681	-64.681775	-65.865065	-67.083173	-68.367262
-15.271504	-14.296822	-13.374493	-12.485312	-11.633390	-10.823910	-10.069119	-9.361978	-8.703829	-8.083244	-7.522326	-7.003621	-6.534272	-6.092812	-5.669344	-5.267372	-4.883454	-4.518688	-4.174645	-3.855285	-3.562361	-3.299733	-3.072198	-2.884139	-2.739045	-2.639499	-2.581898	-2.566820	-2.617491	-2.725293	-2.889104	-3.109378	-3.386965	-3.717705	-4.093805	-4.507202	-4.950237	-5.417214	-5.906185	-6.418587	-6.953128	-7.506440	-8.076593	-8.663212	-9.267302	-9.890704	-10.536859	-11.206619	-11.900074	-12.617181	-13.357895	-14.122294	-14.910421	-15.724440	-16.572000	-17.510592	-18.913597	-21.533717	-24.490402	-27.597931	-30.791512	-34.208409	-37.355561	-40.195806	-42.909318	-45.525031	-48.103597	-50.663153	-53.211907	-55.900273	-58.234907	-59.899144	-61.349294	-62.637864	-63.925993	-65.195235	-66.430282	-67.661185	-68.902810	-70.198898	-71.558736